spawn:
  x: -4.395607863427939
  y: 100.0
  z: 6.497444433261192
  yaw: 90.7746
  pitch: 2.1002119
  worldname: "world"